82
84
86
88
89
98
101
103
114
115
126
140
144
158
163
303
329
333
336
352
353
354
366
371
376
379
386
404
413
424
567
569
572
573
574
578
600
602
610
625
629
635
636
639
641
643
645
646
655
656
700
701
709
714
732
815
817
818
819
822
824
828
863
866
868
870
872
873
876
884
908
919
920
925
1042
1053
1062
1063
1064
1066
1081
1088
1091
1122
1127
1131
1170
1172
1177
1184
1211
1309
1310
1315
1337
1340
1341
1343
1345
1349
1351
1355
1356
1359
1360
1365
1366
1369
1409
1415
1417
1420
1453
1553
1562
1564
1590
1615
1634
1660
1666
1670
1863
1880
1894
1895
1909
1913
1914
1936
1940
2035
2036
2039
2042
2045
2055
2060
2068
2079
2086
2088
2092
2093
2096
2099
2100
2101
2109
2129
2144
2165
2278
2280
2305
2322
2325
2330
2340
2377
2385
2428
2516
2520
2527
2528
2531
2534
2544
2550
2551
2553
2570
2571
2572
2574
2576
2586
2605
2634
2660
2762
2767
2770
2772
2775
2776
2777
2784
2787
2789
2799
2800
2802
2805
2806
2809
2817
2819
2829
2831
2835
2839
2841
2847
2848
2851
2855
2857
2864
2867
2868
2869
2883
2922
3035
3037
3038
3040
3042
3045
3051
3062
3064
3067
3068
3071
3075
3078
3087
3091
3200
3203
3204
3208
3209
3213
3215
3216
3225
3239
3258
3263
3277
3282
3284
3289
3293
3301
3315
3318
3322
3349
3458
3467
3476
3477
3479
3488
3494
3511
3512
3522
3539
3550
3555
3556
3568
3570
3571
3574
3577
3583
3612
3636
3647
3765
3782
3791
3811
3981
3983
3985
3991
3995
3999
4000
4005
4029
4035
4039
4041
4042
4046
4085
4100
4113
4210
4212
4216
4224
4244
4248
4256
4261
4268
4270
4274
4419
4421
4424
4425
4427
4439
4449
4451
4458
4459
4462
4470
4472
4473
4673
4678
4700
4707
4710
4713
4720
4724
4731
4734
4737
4745
4746
4749
4887
4907
4912
4913
4919
4922
4936
4939
4941
4947
5115
5170
5186
5204
5250
5259
5387
5389
5391
5409
5420
5421
5427
5433
5443
5451
5463
5476
5477
5494
5505
5518
5527
5545
5648
5649
5650
5671
5686
5695
5737
5792
5881
5892
5902
5915
5916
5947
5949
5953
5959
5981
6002
6010
6017
6121
6122
6131
6136
6144
6150
6170
6171
6174
6179
6182
6183
6375
6376
6384
6385
6386
6390
6395
6397
6430
6436
6439
6444
6452
6537
6543
6667
6668
6671
6675
6691
6693
6694
6700
6711
6717
6726
6753
6777
6779
6873
6875
6877
6878
6884
6885
6888
6890
6894
6895
6897
6898
6903
6904
6910
6919
6942
6953
6979
6982
6983
7120
7169
7189
7207
7222
7256
7288
7392
7394
7395
7401
7406
7408
7417
7439
7460
7465
7470
7490
7499
7509
7524
7629
7648
7663
7664
7674
7675
7677
7679
7681
7701
7710
7757
7763
7838
7840
7853
7855
7860
7871
7873
7881
7882
7893
7895
7896
7899
7903
7909
7912
7913
7921
7926
8078
8099
8103
8110
8114
8116
8124
8130
8131
8137
8172
8185
8257
8337
8339
8341
8342
8344
8345
8346
8350
8352
8353
8355
8356
8357
8362
8364
8365
8366
8367
8371
8373
8380
8382
8392
8409
8414
8424
8514
8515
8518
8529
8531
8532
8535
8536
8543
8546
8549
8552
8565
8598
8611
8710
