19
21
22
24
25
28
29
30
36
37
41
50
52
54
57
96
100
103
104
108
109
110
117
119
121
123
125
128
131
135
196
197
200
201
202
204
221
222
226
231
234
239
240
242
244
245
247
248
253
254
271
272
278
281
294
347
349
350
351
354
355
359
384
386
388
390
392
393
396
402
407
417
418
422
474
477
481
482
483
485
489
495
496
500
504
507
521
523
525
529
541
587
588
591
604
606
607
608
609
613
615
618
619
621
622
625
626
628
637
640
642
643
657
693
696
697
705
711
713
719
721
722
780
787
793
794
800
802
803
812
814
869
870
871
872
875
881
884
889
894
898
899
902
903
904
905
906
907
911
921
928
941
990
991
998
1005
1008
1013
1018
1030
1033
1052
1120
1121
1124
1125
1126
1128
1133
1137
1138
1139
1145
1146
1147
1148
1149
1154
1165
1181
1195
1246
1250
1253
1254
1257
1258
1259
1263
1265
1267
1274
1275
1276
1278
1279
1281
1285
1286
1292
1294
1297
1299
1301
1304
1305
1307
1310
1311
1312
1314
1315
1316
1324
1345
1390
1391
1392
1394
1395
1396
1400
1403
1404
1406
1407
1409
1411
1412
1414
1416
1467
1468
1469
1471
1472
1474
1475
1476
1481
1488
1497
1501
1509
1513
1514
1518
1521
1527
1536
1539
1542
1560
1610
1616
1621
1622
1624
1628
1630
1642
1643
1646
1654
1662
1665
1666
1671
1672
1673
1674
1676
1678
1686
1699
1702
1755
1759
1763
1774
1865
1867
1869
1874
1876
1877
1878
1883
1901
1905
1908
1910
1911
1914
1944
1956
1966
2043
2045
2049
2056
2073
2077
2084
2086
2090
2092
2096
2194
2196
2198
2199
2201
2210
2216
2218
2223
2224
2226
2229
2230
2231
2352
2353
2368
2373
2375
2378
2385
2387
2390
2393
2394
2400
2401
2404
2479
2489
2493
2494
2497
2498
2507
2509
2510
2513
2601
2629
2636
2646
2678
2685
2744
2746
2748
2756
2761
2762
2767
2769
2773
2776
2781
2789
2790
2796
2797
2803
2806
2816
2842
2843
2844
2851
2854
2858
2866
2904
2935
2940
2942
2948
2949
2953
2954
2955
2958
2968
2977
2983
2987
3018
3019
3025
3027
3030
3032
3037
3038
3041
3043
3046
3047
3096
3097
3104
3105
3106
3109
3111
3112
3136
3138
3139
3140
3142
3156
3157
3183
3184
3185
3186
3187
3188
3189
3190
3192
3194
3197
3206
3212
3214
3242
3244
3245
3246
3250
3251
3252
3253
3255
3256
3257
3258
3260
3261
3266
3269
3272
3276
3282
3283
3284
3329
3349
3358
3361
3365
3372
3382
3418
3419
3420
3423
3425
3426
3431
3444
3459
3463
3466
3475
3479
3485
3494
3538
3551
3560
3561
3567
3568
3569
3570
3572
3580
3583
3606
3610
3633
3635
3641
3642
3644
3650
3651
3657
3658
3663
3664
3665
3668
3671
3673
3675
3676
3680
3683
3787
3803
3806
3812
3814
3816
3822
3826
3827
3831
3855
3865
3892
3941
3943
3945
3946
3948
3949
3950
3953
3955
3956
3958
3959
3960
3964
3965
3966
3967
3968
3972
3974
3976
3977
3980
3991
3992
3997
4039
4040
4042
4052
4053
4054
4057
4058
4064
4067
4069
4071
4075
4091
4101
4154
