0
11
17
20
21
28
32
34
36
44
45
58
70
72
82
85
90
95
100
105
115
120
130
132
153
155
162
163
164
166
171
175
185
186
198
202
207
208
209
215
219
220
221
223
226
231
233
235
245
250
260
268
277
281
288
289
290
291
292
293
294
295
298
318
320
321
324
329
333
339
340
348
351
355
359
367
371
372
373
375
378
385
386
392
393
406
411
413
424
428
431
436
447
451
458
461
464
476
486
489
490
510
519
529
530
547
549
553
562
568
569
581
584
591
594
598
600
602
603
607
614
622
625
627
628
636
643
647
650
656
660
661
662
664
666
667
669
673
679
681
685
686
688
695
698
702
707
712
725
729
732
736
744
752
769
770
783
787
799
808
811
815
816
817
821
823
826
833
841
846
852
855
865
876
878
879
881
888
891
892
900
905
908
912
919
922
923
930
931
932
938
939
944
951
954
962
963
966
968
974
982
983
984
989
992
994
997
1001
1007
1009
1019
1022
1024
1033
1047
1054
1055
1066
1109
1110
1116
1119
1123
1125
1126
1130
1147
1152
1160
1164
1167
1172
1176
1195
1197
1206
1208
1220
1223
1226
1229
1232
1235
1241
1243
1248
1253
1261
1262
1265
1267
1271
1274
1279
1280
1282
1288
1290
1300
1310
1311
1313
1316
1323
1326
1327
1328
1331
1337
1339
1343
1344
1350
1357
1358
1365
1366
1367
1371
1373
1377
1386
1394
1401
1405
1408
1410
1412
1425
1428
1437
1438
1442
1444
1449
1450
1459
1460
1461
1462
1465
1471
1479
1480
1482
1489
1509
1525
1541
1546
1557
1569
1593
1595
1599
1611
1618
1619
1620
1628
1629
1637
1643
1645
1660
1661
1665
1676
1686
1687
1699
1700
1707
1709
1716
1721
1731
1732
1739
1740
1744
1757
1758
1759
1775
1793
1806
1819
1827
1830
1831
1839
1841
1845
1851
1856
1859
1863
1866
1873
1874
1881
1887
1890
1891
1897
1908
1911
1912
1917
1920
1924
1926
1954
1962
1981
1992
2000
2001
2004
2007
2014
2016
2018
2024
2028
2033
2034
2036
2037
2038
2041
2042
2053
2060
2064
2075
2080
2084
2085
2091
2094
2096
2097
2100
2111
2112
2128
2131
2132
2133
2136
2137
2142
2145
2146
2149
2150
2151
2152
2167
2168
2169
2171
2173
2181
2183
2189
2197
2198
2203
2207
2210
2213
2217
2219
2222
2225
2227
2231
2233
2237
2255
2262
2265
2275
2283
2288
2302
2311
2316
2325
2327
2331
2333
2334
2339
2340
2341
2345
2346
2360
2361
2364
2367
2384
2385
2391
2408
2413
2417
2424
2426
2427
2430
2434
2437
2444
2448
2449
2454
2461
2470
2473
2475
2481
2489
2490
2492
2497
2507
2509
2512
2514
2521
2524
2531
2545
2546
2548
2557
2563
2566
2569
2575
2581
2589
2594
2596
2600
2604
2617
2622
2628
2642
2648
2652
2662
2669
2677
2682
2684
2687
2693
2707
2711
2722
2724
2726
2731
2734
2736
2737
2744
2745
2753
2756
2757
2763
2769
2772
2775
2776
2790
2801
2802
2808
2810
2817
2818
2822
2829
2836
2838
2842
2843
2847
2854
2856
2859
2862
2869
2882
2884
2885
2888
2892
2893
2898
2903
2908
2915
2917
2927
2928
2929
2937
2938
2953
2958
2967
2970
2975
2978
2984
2985
2998
3002
3003
3005
3017
3018
3023
3040
3045
3049
3056
3076
3082
3085
3087
3091
3099
3100
3106
3112
3118
3122
3128
3138
3147
3150
3153
3154
3156
3161
3165
3166
3184
3187
3189
3207
3213
3215
3217
3232
3240
3242
3243
3248
3255
3259
3265
3280
3289
3291
3316
3328
3332
3340
3344
3354
3356
3362
3363
3369
3383
3385
3387
3389
3420
3423
3430
3432
3435
3436
3437
3445
3456
3458
3460
3469
3477
3478
3488
3494
3499
3516
3518
3525
3533
3542
3548
3555
3556
3566
3569
3572
3596
3607
3610
3619
3622
3625
3635
3642
3650
3652
3655
3664
3669
3671
3684
3692
3699
3704
3707
3709
3718
3724
3725
3727
3728
3730
3739
