134
141
148
155
159
193
201
208
220
236
237
258
288
301
359
383
411
471
674
743
749
754
780
783
806
820
826
833
845
900
930
947
953
983
1052
1222
1223
1225
1228
1230
1236
1239
1245
1269
1282
1287
1291
1294
1319
1342
1348
1356
1357
1358
1367
1369
1372
1374
1376
1392
1393
1395
1473
1477
1478
1479
1497
1507
1516
1524
1575
1737
1740
1742
1747
1759
1768
1772
1792
1818
1837
1893
1900
1906
1913
1919
1928
1942
2015
2016
2031
2046
2047
2074
2088
2112
2337
2368
2397
2456
2466
2472
2544
2549
2553
2565
2566
2567
2579
2604
2635
2641
2662
2666
2669
2809
2811
2827
2834
2859
2880
2890
2899
2906
2911
2922
2926
2942
2948
3029
3045
3056
3135
3350
3359
3368
3370
3375
3412
3500
3555
3567
3573
3671
3725
3739
3901
3978
3994
4030
4047
4085
4088
4121
4143
4148
4157
4167
4200
4216
4223
4228
4278
4425
4432
4461
4475
4489
4503
4559
4560
4569
4575
4578
4594
4692
4705
4958
4964
5013
5020
5053
5062
5069
5093
5199
5214
5250
5259
5287
5289
5325
5331
5352
5357
5517
5546
5567
5572
5575
5592
5603
5605
5629
5631
5632
5634
5638
5671
5713
5787
5815
5831
5878
5889
5901
6040
6050
6059
6062
6071
6072
6074
6095
6112
6115
6123
6126
6145
6147
6176
6184
6209
6212
6221
6242
6247
6266
6270
6271
6307
6386
6611
6628
6629
6649
6749
6778
6902
6915
7147
7149
7168
7222
7252
7257
7295
7319
7323
7371
7372
7375
7416
7419
7428
7501
7658
7688
7708
7712
7727
7734
7746
7758
7779
7785
7786
7810
7841
7859
7869
7870
7883
7885
7889
7893
7906
7925
7975
7984
7991
7996
8042
8342
8491
8505
8583
8746
8749
8804
8807
8936
8943
8945
8946
9015
9040
9106
9268
9308
9333
9351
9427
9434
9460
9471
9495
9501
9514
9538
9590
9613
9619
9636
9645
9662
9812
9830
9862
9867
9960
9972
9975
10004
10010
10023
10040
10045
10098
10106
10125
10142
10198
10364
10377
10452
10467
10468
10481
10495
10500
10501
10510
10513
10522
10538
10542
10544
10553
10607
10609
10614
10702
10880
10941
10946
10958
10959
10977
10998
11014
11044
11056
11070
11109
11189
11198
11216
11236
11239
11433
11443
11537
11564
11607
11651
11669
11672
11682
11689
11701
11711
11748
11805
11970
12020
12043
12045
12071
12106
12156
12193
12221
12222
12254
12281
12294
12299
12311
12334
12339
12497
12499
12503
12550
12582
12598
12731
12742
12761
12779
12802
12808
12825
12827
12839
12867
13050
13071
13084
13233
13236
13241
13325
13358
13373
13387
13531
13532
13541
13544
13551
13567
13578
13614
13619
13631
13803
13819
14000
14001
14028
14029
14030
14039
14048
14050
14130
14136
14154
14170
14347
14606
14612
14629
14661
14664
14665
14680
14697
14712
14733
14803
14860
14871
14877
15034
15037
15043
15044
15057
15060
15070
15073
15077
15078
15080
15082
15091
15113
15138
15179
15199
15263
15268
15272
15329
15330
15342
15344
15505
15586
15642
15663
15762
15764
15790
15822
15859
16003
16005
16006
16017
16038
16044
16064
16118
16173
16184
16237
16250
16275
16278
16298
16307
16356
16556
16752
17008
17010
17044
17062
17088
17141
17148
17152
17173
17196
17203
17239
17253
17263
17272
17360
17370
17375
17523
17596
17660
17686
17706
17731
17770
17814
18781
18958
18961
18968
18977
18991
18993
19022
19031
19032
19043
19080
19094
19095
19100
19126
19140
19173
19182
19218
19244
19263
19273
19299
19438
19456
19475
19526
19537
19538
19570
19585
19602
19623
19631
19647
19683
19734
19759
19791
19795
19805
19819
19823
19992
