1
2
3
4
5
6
7
8
9
10
12
13
14
15
16
18
19
22
23
24
25
26
27
29
30
31
33
35
37
38
39
40
41
42
43
46
47
48
49
50
51
52
53
54
55
56
57
59
60
61
62
63
64
65
66
67
68
69
71
73
74
75
76
77
78
79
80
81
83
84
86
87
88
89
91
92
93
94
96
97
98
99
101
102
103
104
106
107
108
109
110
111
112
113
114
116
117
118
119
121
122
123
124
125
126
127
128
129
131
133
134
135
136
137
138
139
140
141
142
143
144
145
146
147
148
149
150
151
152
154
156
157
158
159
160
161
165
167
168
169
170
172
173
174
176
177
178
179
180
181
182
183
184
187
188
189
190
191
192
193
194
195
196
197
199
200
201
203
204
205
206
210
211
212
213
214
216
217
218
222
224
225
227
228
229
230
232
234
236
237
238
239
240
241
242
243
244
246
247
248
249
251
252
253
254
255
256
257
258
259
261
262
263
264
265
266
267
269
270
271
272
273
274
275
276
278
279
280
282
283
284
285
286
287
296
297
299
300
301
302
303
304
305
306
307
308
309
310
311
312
313
314
315
316
317
319
322
323
325
326
327
328
330
331
332
334
335
336
337
338
341
342
343
344
345
346
347
349
350
352
353
354
356
357
358
360
361
362
363
364
365
366
368
369
370
374
376
377
379
380
381
382
383
384
387
388
389
390
391
394
395
396
397
398
399
400
401
402
403
404
405
407
408
409
410
412
414
415
416
417
418
419
420
421
422
423
425
426
427
429
430
432
433
434
435
437
438
439
440
441
442
443
444
445
446
448
449
450
452
453
454
455
456
457
459
460
462
463
465
466
467
468
469
470
471
472
473
474
475
477
478
479
480
481
482
483
484
485
487
488
491
492
493
494
495
496
497
498
499
500
501
502
503
504
505
506
507
508
509
511
512
513
514
515
516
517
518
520
521
522
523
524
525
526
527
528
531
532
533
534
535
536
537
538
539
540
541
542
543
544
545
546
548
550
551
552
554
555
556
557
558
559
560
561
563
564
565
566
567
570
571
572
573
574
575
576
577
578
579
580
582
583
585
586
587
588
589
590
592
593
595
596
597
599
601
604
605
606
608
609
610
611
612
613
615
616
617
618
619
620
621
623
624
626
629
630
631
632
633
634
635
637
638
639
640
641
642
644
645
646
648
649
651
652
653
654
655
657
658
659
663
665
668
670
671
672
674
675
676
677
678
680
682
683
684
687
689
690
691
692
693
694
696
697
699
700
701
703
704
705
706
708
709
710
711
713
714
715
716
717
718
719
720
721
722
723
724
726
727
728
730
731
733
734
735
737
738
739
740
741
742
743
745
746
747
748
749
750
751
753
754
755
756
757
758
759
760
761
762
763
764
765
766
767
768
771
772
773
774
775
776
777
778
779
780
781
782
784
785
786
788
789
790
791
792
793
794
795
796
797
798
800
801
802
803
804
805
806
807
809
810
812
813
814
818
819
820
822
824
825
827
828
829
830
831
832
834
835
836
837
838
839
840
842
843
844
845
847
848
849
850
851
853
854
856
857
858
859
860
861
862
863
864
866
867
868
869
870
871
872
873
874
875
877
880
882
883
884
885
886
887
889
890
893
894
895
896
897
898
899
901
902
903
904
906
907
909
910
911
913
914
915
916
917
918
920
921
924
925
926
927
928
929
933
934
935
936
937
940
941
942
943
945
946
947
948
949
950
952
953
955
956
957
958
959
960
961
964
965
967
969
970
971
972
973
975
976
977
978
979
980
981
985
986
987
988
990
991
993
995
996
998
999
1000
1002
1003
1004
1005
1006
1008
1010
1011
1012
1013
1014
1015
1016
1017
1018
1020
1021
1023
1025
1026
1027
1028
1029
1030
1031
1032
1034
1035
1036
1037
1038
1039
1040
1041
1042
1043
1044
1045
1046
1048
1049
1050
1051
1052
1053
1056
1057
1058
1059
1060
1061
1062
1063
1064
1065
1067
1068
1069
1070
1071
1072
1073
1074
1075
1076
1077
1078
1079
1080
1081
1082
1083
1084
1085
1086
1087
1088
1089
1090
1091
1092
1093
1094
1095
1096
1097
1098
1099
1100
1101
1102
1103
1104
1105
1106
1107
1108
1111
1112
1113
1114
1115
1117
1118
1120
1121
1122
1124
1127
1128
1129
1131
1132
1133
1134
1135
1136
1137
1138
1139
1140
1141
1142
1143
1144
1145
1146
1148
1149
1150
1151
1153
1154
1155
1156
1157
1158
1159
1161
1162
1163
1165
1166
1168
1169
1170
1171
1173
1174
1175
1177
1178
1179
1180
1181
1182
1183
1184
1185
1186
1187
1188
1189
1190
1191
1192
1193
1194
1196
1198
1199
1200
1201
1202
1203
1204
1205
1207
1209
1210
1211
1212
1213
1214
1215
1216
1217
1218
1219
1221
1222
1224
1225
1227
1228
1230
1231
1233
1234
1236
1237
1238
1239
1240
1242
1244
1245
1246
1247
1249
1250
1251
1252
1254
1255
1256
1257
1258
1259
1260
1263
1264
1266
1268
1269
1270
1272
1273
1275
1276
1277
1278
1281
1283
1284
1285
1286
1287
1289
1291
1292
1293
1294
1295
1296
1297
1298
1299
1301
1302
1303
1304
1305
1306
1307
1308
1309
1312
1314
1315
1317
1318
1319
1320
1321
1322
1324
1325
1329
1330
1332
1333
1334
1335
1336
1338
1340
1341
1342
1345
1346
1347
1348
1349
1351
1352
1353
1354
1355
1356
1359
1360
1361
1362
1363
1364
1368
1369
1370
1372
1374
1375
1376
1378
1379
1380
1381
1382
1383
1384
1385
1387
1388
1389
1390
1391
1392
1393
1395
1396
1397
1398
1399
1400
1402
1403
1404
1406
1407
1409
1411
1413
1414
1415
1416
1417
1418
1419
1420
1421
1422
1423
1424
1426
1427
1429
1430
1431
1432
1433
1434
1435
1436
1439
1440
1441
1443
1445
1446
1447
1448
1451
1452
1453
1454
1455
1456
1457
1458
1463
1464
1466
1467
1468
1469
1470
1472
1473
1474
1475
1476
1477
1478
1481
1483
1484
1485
1486
1487
1488
1490
1491
1492
1493
1494
1495
1496
1497
1498
1499
1500
1501
1502
1503
1504
1505
1506
1507
1508
1510
1511
1512
1513
1514
1515
1516
1517
1518
1519
1520
1521
1522
1523
1524
1526
1527
1528
1529
1530
1531
1532
1533
1534
1535
1536
1537
1538
1539
1540
1542
1543
1544
1545
1547
1548
1549
1550
1551
1552
1553
1554
1555
1556
1558
1559
1560
1561
1562
1563
1564
1565
1566
1567
1568
1570
1571
1572
1573
1574
1575
1576
1577
1578
1579
1580
1581
1582
1583
1584
1585
1586
1587
1588
1589
1590
1591
1592
1594
1596
1597
1598
1600
1601
1602
1603
1604
1605
1606
1607
1608
1609
1610
1612
1613
1614
1615
1616
1617
1621
1622
1623
1624
1625
1626
1627
1630
1631
1632
1633
1634
1635
1636
1638
1639
1640
1641
1642
1644
1646
1647
1648
1649
1650
1651
1652
1653
1654
1655
1656
1657
1658
1659
1662
1663
1664
1666
1667
1668
1669
1670
1671
1672
1673
1674
1675
1677
1678
1679
1680
1681
1682
1683
1684
1685
1688
1689
1690
1691
1692
1693
1694
1695
1696
1697
1698
1701
1702
1703
1704
1705
1706
1708
1710
1711
1712
1713
1714
1715
1717
1718
1719
1720
1722
1723
1724
1725
1726
1727
1728
1729
1730
1733
1734
1735
1736
1737
1738
1741
1742
1743
1745
1746
1747
1748
1749
1750
1751
1752
1753
1754
1755
1756
1760
1761
1762
1763
1764
1765
1766
1767
1768
1769
1770
1771
1772
1773
1774
1776
1777
1778
1779
1780
1781
1782
1783
1784
1785
1786
1787
1788
1789
1790
1791
1792
1794
1795
1796
1797
1798
1799
1800
1801
1802
1803
1804
1805
1807
1808
1809
1810
1811
1812
1813
1814
1815
1816
1817
1818
1820
1821
1822
1823
1824
1825
1826
1828
1829
1832
1833
1834
1835
1836
1837
1838
1840
1842
1843
1844
1846
1847
1848
1849
1850
1852
1853
1854
1855
1857
1858
1860
1861
1862
1864
1865
1867
1868
1869
1870
1871
1872
1875
1876
1877
1878
1879
1880
1882
1883
1884
1885
1886
1888
1889
1892
1893
1894
1895
1896
1898
1899
1900
1901
1902
1903
1904
1905
1906
1907
1909
1910
1913
1914
1915
1916
1918
1919
1921
1922
1923
1925
1927
1928
1929
1930
1931
1932
1933
1934
1935
1936
1937
1938
1939
1940
1941
1942
1943
1944
1945
1946
1947
1948
1949
1950
1951
1952
1953
1955
1956
1957
1958
1959
1960
1961
1963
1964
1965
1966
1967
1968
1969
1970
1971
1972
1973
1974
1975
1976
1977
1978
1979
1980
1982
1983
1984
1985
1986
1987
1988
1989
1990
1991
1993
1994
1995
1996
1997
1998
1999
2002
2003
2005
2006
2008
2009
2010
2011
2012
2013
2015
2017
2019
2020
2021
2022
2023
2025
2026
2027
2029
2030
2031
2032
2035
2039
2040
2043
2044
2045
2046
2047
2048
2049
2050
2051
2052
2054
2055
2056
2057
2058
2059
2061
2062
2063
2065
2066
2067
2068
2069
2070
2071
2072
2073
2074
2076
2077
2078
2079
2081
2082
2083
2086
2087
2088
2089
2090
2092
2093
2095
2098
2099
2101
2102
2103
2104
2105
2106
2107
2108
2109
2110
2113
2114
2115
2116
2117
2118
2119
2120
2121
2122
2123
2124
2125
2126
2127
2129
2130
2134
2135
2138
2139
2140
2141
2143
2144
2147
2148
2153
2154
2155
2156
2157
2158
2159
2160
2161
2162
2163
2164
2165
2166
2170
2172
2174
2175
2176
2177
2178
2179
2180
2182
2184
2185
2186
2187
2188
2190
2191
2192
2193
2194
2195
2196
2199
2200
2201
2202
2204
2205
2206
2208
2209
2211
2212
2214
2215
2216
2218
2220
2221
2223
2224
2226
2228
2229
2230
2232
2234
2235
2236
2238
2239
2240
2241
2242
2243
2244
2245
2246
2247
2248
2249
2250
2251
2252
2253
2254
2256
2257
2258
2259
2260
2261
2263
2264
2266
2267
2268
2269
2270
2271
2272
2273
2274
2276
2277
2278
2279
2280
2281
2282
2284
2285
2286
2287
2289
2290
2291
2292
2293
2294
2295
2296
2297
2298
2299
2300
2301
2303
2304
2305
2306
2307
2308
2309
2310
2312
2313
2314
2315
2317
2318
2319
2320
2321
2322
2323
2324
2326
2328
2329
2330
2332
2335
2336
2337
2338
2342
2343
2344
2347
2348
2349
2350
2351
2352
2353
2354
2355
2356
2357
2358
2359
2362
2363
2365
2366
2368
2369
2370
2371
2372
2373
2374
2375
2376
2377
2378
2379
2380
2381
2382
2383
2386
2387
2388
2389
2390
2392
2393
2394
2395
2396
2397
2398
2399
2400
2401
2402
2403
2404
2405
2406
2407
2409
2410
2411
2412
2414
2415
2416
2418
2419
2420
2421
2422
2423
2425
2428
2429
2431
2432
2433
2435
2436
2438
2439
2440
2441
2442
2443
2445
2446
2447
2450
2451
2452
2453
2455
2456
2457
2458
2459
2460
2462
2463
2464
2465
2466
2467
2468
2469
2471
2472
2474
2476
2477
2478
2479
2480
2482
2483
2484
2485
2486
2487
2488
2491
2493
2494
2495
2496
2498
2499
2500
2501
2502
2503
2504
2505
2506
2508
2510
2511
2513
2515
2516
2517
2518
2519
2520
2522
2523
2525
2526
2527
2528
2529
2530
2532
2533
2534
2535
2536
2537
2538
2539
2540
2541
2542
2543
2544
2547
2549
2550
2551
2552
2553
2554
2555
2556
2558
2559
2560
2561
2562
2564
2565
2567
2568
2570
2571
2572
2573
2574
2576
2577
2578
2579
2580
2582
2583
2584
2585
2586
2587
2588
2590
2591
2592
2593
2595
2597
2598
2599
2601
2602
2603
2605
2606
2607
2608
2609
2610
2611
2612
2613
2614
2615
2616
2618
2619
2620
2621
2623
2624
2625
2626
2627
2629
2630
2631
2632
2633
2634
2635
2636
2637
2638
2639
2640
2641
2643
2644
2645
2646
2647
2649
2650
2651
2653
2654
2655
2656
2657
2658
2659
2660
2661
2663
2664
2665
2666
2667
2668
2670
2671
2672
2673
2674
2675
2676
2678
2679
2680
2681
2683
2685
2686
2688
2689
2690
2691
2692
2694
2695
2696
2697
2698
2699
2700
2701
2702
2703
2704
2705
2706
2708
2709
2710
2712
2713
2714
2715
2716
2717
2718
2719
2720
2721
2723
2725
2727
2728
2729
2730
2732
2733
2735
2738
2739
2740
2741
2742
2743
2746
2747
2748
2749
2750
2751
2752
2754
2755
2758
2759
2760
2761
2762
2764
2765
2766
2767
2768
2770
2771
2773
2774
2777
2778
2779
2780
2781
2782
2783
2784
2785
2786
2787
2788
2789
2791
2792
2793
2794
2795
2796
2797
2798
2799
2800
2803
2804
2805
2806
2807
2809
2811
2812
2813
2814
2815
2816
2819
2820
2821
2823
2824
2825
2826
2827
2828
2830
2831
2832
2833
2834
2835
2837
2839
2840
2841
2844
2845
2846
2848
2849
2850
2851
2852
2853
2855
2857
2858
2860
2861
2863
2864
2865
2866
2867
2868
2870
2871
2872
2873
2874
2875
2876
2877
2878
2879
2880
2881
2883
2886
2887
2889
2890
2891
2894
2895
2896
2897
2899
2900
2901
2902
2904
2905
2906
2907
2909
2910
2911
2912
2913
2914
2916
2918
2919
2920
2921
2922
2923
2924
2925
2926
2930
2931
2932
2933
2934
2935
2936
2939
2940
2941
2942
2943
2944
2945
2946
2947
2948
2949
2950
2951
2952
2954
2955
2956
2957
2959
2960
2961
2962
2963
2964
2965
2966
2968
2969
2971
2972
2973
2974
2976
2977
2979
2980
2981
2982
2983
2986
2987
2988
2989
2990
2991
2992
2993
2994
2995
2996
2997
2999
3000
3001
3004
3006
3007
3008
3009
3010
3011
3012
3013
3014
3015
3016
3019
3020
3021
3022
3024
3025
3026
3027
3028
3029
3030
3031
3032
3033
3034
3035
3036
3037
3038
3039
3041
3042
3043
3044
3046
3047
3048
3050
3051
3052
3053
3054
3055
3057
3058
3059
3060
3061
3062
3063
3064
3065
3066
3067
3068
3069
3070
3071
3072
3073
3074
3075
3077
3078
3079
3080
3081
3083
3084
3086
3088
3089
3090
3092
3093
3094
3095
3096
3097
3098
3101
3102
3103
3104
3105
3107
3108
3109
3110
3111
3113
3114
3115
3116
3117
3119
3120
3121
3123
3124
3125
3126
3127
3129
3130
3131
3132
3133
3134
3135
3136
3137
3139
3140
3141
3142
3143
3144
3145
3146
3148
3149
3151
3152
3155
3157
3158
3159
3160
3162
3163
3164
3167
3168
3169
3170
3171
3172
3173
3174
3175
3176
3177
3178
3179
3180
3181
3182
3183
3185
3186
3188
3190
3191
3192
3193
3194
3195
3196
3197
3198
3199
3200
3201
3202
3203
3204
3205
3206
3208
3209
3210
3211
3212
3214
3216
3218
3219
3220
3221
3222
3223
3224
3225
3226
3227
3228
3229
3230
3231
3233
3234
3235
3236
3237
3238
3239
3241
3244
3245
3246
3247
3249
3250
3251
3252
3253
3254
3256
3257
3258
3260
3261
3262
3263
3264
3266
3267
3268
3269
3270
3271
3272
3273
3274
3275
3276
3277
3278
3279
3281
3282
3283
3284
3285
3286
3287
3288
3290
3292
3293
3294
3295
3296
3297
3298
3299
3300
3301
3302
3303
3304
3305
3306
3307
3308
3309
3310
3311
3312
3313
3314
3315
3317
3318
3319
3320
3321
3322
3323
3324
3325
3326
3327
3329
3330
3331
3333
3334
3335
3336
3337
3338
3339
3341
3342
3343
3345
3346
3347
3348
3349
3350
3351
3352
3353
3355
3357
3358
3359
3360
3361
3364
3365
3366
3367
3368
3370
3371
3372
3373
3374
3375
3376
3377
3378
3379
3380
3381
3382
3384
3386
3388
3390
3391
3392
3393
3394
3395
3396
3397
3398
3399
3400
3401
3402
3403
3404
3405
3406
3407
3408
3409
3410
3411
3412
3413
3414
3415
3416
3417
3418
3419
3421
3422
3424
3425
3426
3427
3428
3429
3431
3433
3434
3438
3439
3440
3441
3442
3443
3444
3446
3447
3448
3449
3450
3451
3452
3453
3454
3455
3457
3459
3461
3462
3463
3464
3465
3466
3467
3468
3470
3471
3472
3473
3474
3475
3476
3479
3480
3481
3482
3483
3484
3485
3486
3487
3489
3490
3491
3492
3493
3495
3496
3497
3498
3500
3501
3502
3503
3504
3505
3506
3507
3508
3509
3510
3511
3512
3513
3514
3515
3517
3519
3520
3521
3522
3523
3524
3526
3527
3528
3529
3530
3531
3532
3534
3535
3536
3537
3538
3539
3540
3541
3543
3544
3545
3546
3547
3549
3550
3551
3552
3553
3554
3557
3558
3559
3560
3561
3562
3563
3564
3565
3567
3568
3570
3571
3573
3574
3575
3576
3577
3578
3579
3580
3581
3582
3583
3584
3585
3586
3587
3588
3589
3590
3591
3592
3593
3594
3595
3597
3598
3599
3600
3601
3602
3603
3604
3605
3606
3608
3609
3611
3612
3613
3614
3615
3616
3617
3618
3620
3621
3623
3624
3626
3627
3628
3629
3630
3631
3632
3633
3634
3636
3637
3638
3639
3640
3641
3643
3644
3645
3646
3647
3648
3649
3651
3653
3654
3656
3657
3658
3659
3660
3661
3662
3663
3665
3666
3667
3668
3670
3672
3673
3674
3675
3676
3677
3678
3679
3680
3681
3682
3683
3685
3686
3687
3688
3689
3690
3691
3693
3694
3695
3696
3697
3698
3700
3701
3702
3703
3705
3706
3708
3710
3711
3712
3713
3714
3715
3716
3717
3719
3720
3721
3722
3723
3726
3729
3731
3732
3733
3734
3735
3736
3737
3738
3740
