82
84
86
88
89
98
101
103
108
114
115
126
140
144
158
163
176
196
303
329
333
336
352
353
366
371
376
379
386
404
413
422
424
435
470
566
567
569
571
572
573
574
578
587
594
599
600
602
610
625
629
634
635
636
639
641
643
645
646
655
656
657
697
700
701
702
709
714
720
723
744
815
817
818
819
822
824
825
828
836
843
863
866
868
870
872
873
876
908
909
913
919
920
925
930
940
1063
1081
1091
1122
1127
1131
1167
1170
1172
1177
1178
1179
1184
1195
1209
1211
1221
1223
1225
1309
1310
1315
1317
1328
1337
1340
1343
1348
1351
1356
1359
1366
1369
1409
1415
1420
1448
1553
1557
1562
1564
1568
1590
1634
1660
1666
1670
1701
1722
1728
1821
1855
1863
1876
1880
1894
1895
1909
1913
1914
1919
1923
1932
1936
1940
1942
1958
2035
2039
2049
2056
2060
2068
2092
2093
2096
2100
2101
2109
2147
2152
2278
2280
2305
2307
2325
2330
2332
2340
2377
2385
2400
2405
2412
2413
2421
2424
2431
2432
2516
2520
2527
2531
2534
2544
2551
2553
2570
2571
2572
2574
2576
2586
2605
2633
2645
2651
2668
2675
2678
2762
2767
2770
2772
2775
2776
2777
2787
2799
2800
2805
2806
2817
2819
2835
2839
2847
2848
2851
2855
2857
2864
2868
2869
2885
2914
3035
3037
3038
3042
3064
3067
3087
3091
3203
3204
3216
3243
3258
3260
3277
3289
3293
3314
3315
3318
3333
3336
3341
3367
3458
3467
3477
3479
3486
3488
3494
3499
3508
3511
3512
3522
3539
3550
3555
3556
3568
3570
3574
3577
3583
3592
3614
3618
3624
3628
3649
3811
3857
3863
3894
3983
3984
4000
4001
4035
4039
4041
4042
4067
4078
4114
4210
4216
4224
4229
4248
4249
4256
4261
4268
4270
4274
4281
4296
4303
4307
4315
4318
4326
4419
4421
4424
4427
4447
4449
4451
4458
4459
4462
4470
4472
4494
4497
4506
4512
4544
4673
4678
4700
4706
4707
4710
4713
4714
4715
4719
4720
4724
4731
4733
4734
4737
4745
4746
4748
4779
4887
4906
4907
4912
4913
4919
4925
4929
4936
4939
4941
4947
4970
4977
4989
4999
5000
5109
5115
5160
5170
5186
5204
5212
5214
5220
5224
5227
5233
5252
5286
5389
5409
5420
5422
5433
5443
5451
5463
5476
5477
5494
5505
5515
5518
5527
5541
5545
5648
5649
5650
5671
5686
5695
5737
5742
5752
5763
5776
5782
5792
5794
5802
5819
5881
5892
5902
5947
5949
5953
5981
6002
6010
6017
6121
6122
6129
6131
6136
6144
6150
6170
6174
6179
6238
6245
6375
6376
6384
6385
6386
6390
6395
6397
6436
6439
6444
6452
6537
6667
6668
6675
6691
6693
6694
6700
6711
6717
6726
6753
6771
6777
6779
6873
6875
6877
6878
6884
6885
6888
6890
6894
6895
6897
6898
6903
6910
6919
6942
6953
6979
6982
6983
7006
7007
7014
7015
7120
7169
7207
7222
7273
7275
7288
7298
7310
7392
7394
7395
7401
7406
7408
7417
7439
7460
7465
7490
7499
7509
7511
7518
7524
7547
7648
7720
7838
7840
7853
7860
7873
7893
7895
7896
7899
7909
7912
7921
7926
7933
7939
7987
7993
7998
8078
8099
8110
8116
8124
8131
8147
8172
8257
8337
8339
8341
8342
8344
8345
8350
8352
8353
8356
8362
8365
8366
8367
8371
8373
8380
8382
8392
8404
8409
8414
8424
8514
8515
8518
8529
8531
8532
8535
8536
8543
8546
8549
8552
8565
8577
8586
8596
8598
8603
8609
8611
8710
