19
21
22
24
25
28
29
30
34
36
37
41
50
52
54
57
64
69
96
100
103
104
108
109
117
119
121
123
125
128
131
134
135
141
151
195
196
197
199
200
201
202
204
211
217
220
221
222
226
231
234
238
239
240
242
244
245
247
248
253
254
255
269
271
272
273
278
281
285
287
298
347
349
350
351
354
355
356
359
367
373
384
386
388
390
392
393
396
407
408
411
417
418
422
425
431
482
489
496
500
504
507
519
521
523
525
526
527
529
534
540
541
546
547
549
587
588
591
593
601
604
606
608
612
615
619
621
626
628
637
640
643
653
693
694
696
697
699
705
713
719
721
722
731
742
746
769
778
780
786
787
793
794
800
802
803
804
805
810
812
814
816
823
869
871
877
882
884
889
902
903
904
906
907
911
930
933
990
991
998
1000
1008
1013
1014
1018
1030
1033
1039
1042
1045
1046
1049
1051
1055
1056
1120
1121
1124
1126
1128
1133
1138
1139
1145
1146
1147
1148
1149
1154
1165
1180
1187
1190
1197
1201
1203
1246
1250
1253
1254
1257
1258
1259
1265
1274
1275
1278
1279
1285
1286
1297
1299
1304
1305
1307
1310
1311
1312
1315
1316
1326
1340
1390
1391
1392
1395
1404
1406
1414
1416
1468
1469
1476
1489
1497
1499
1509
1518
1521
1535
1536
1539
1550
1552
1554
1566
1610
1616
1622
1624
1627
1628
1630
1632
1640
1642
1643
1646
1654
1662
1665
1666
1671
1672
1674
1676
1678
1680
1687
1688
1694
1695
1703
1774
1788
1791
1803
1867
1868
1878
1879
1905
1908
1910
1911
1931
1939
1967
2043
2049
2056
2060
2077
2078
2084
2086
2090
2092
2096
2100
2108
2113
2117
2122
2125
2129
2194
2196
2198
2201
2215
2216
2218
2223
2224
2226
2229
2230
2247
2249
2252
2257
2275
2352
2353
2368
2372
2373
2375
2378
2379
2380
2384
2385
2387
2390
2392
2393
2394
2400
2401
2403
2424
2479
2488
2489
2493
2494
2497
2501
2505
2507
2509
2510
2513
2524
2528
2533
2536
2537
2598
2601
2623
2629
2636
2646
2653
2655
2659
2661
2664
2669
2679
2696
2746
2756
2761
2763
2769
2773
2776
2781
2789
2790
2796
2797
2800
2803
2806
2814
2816
2842
2843
2844
2851
2854
2858
2866
2867
2875
2883
2892
2897
2904
2905
2911
2923
2935
2940
2942
2953
2954
2955
2968
2977
2983
2987
3018
3019
3024
3025
3027
3030
3032
3037
3041
3043
3052
3054
3096
3097
3104
3105
3106
3109
3111
3112
3138
3139
3140
3142
3156
3183
3184
3186
3187
3188
3189
3190
3192
3194
3197
3206
3210
3212
3214
3242
3244
3245
3246
3250
3251
3252
3253
3255
3256
3257
3258
3260
3266
3269
3272
3276
3282
3283
3284
3290
3291
3294
3295
3329
3349
3361
3365
3375
3377
3382
3388
3391
3418
3419
3420
3423
3425
3426
3431
3444
3459
3463
3475
3479
3485
3487
3490
3494
3503
3551
3587
3633
3635
3641
3644
3651
3663
3664
3665
3668
3673
3675
3680
3683
3687
3690
3725
3730
3735
3787
3803
3812
3816
3822
3827
3839
3855
3892
3941
3943
3945
3946
3948
3949
3953
3955
3956
3959
3964
3966
3967
3968
3972
3974
3976
3977
3980
3986
3991
3992
3997
4039
4040
4042
4052
4053
4054
4057
4058
4064
4067
4069
4071
4075
4081
4085
4090
4091
4093
4099
4101
4154
